#Test Stat
Stati, p-value, results:-47.29645124428859,0.16794826498349757,accept
#Communities
0:1,25,33,37,45,89,103,105,109
1:19,29,30,35,55,79,94,101
2:2,6,13,15,32,39,47,60,64,100,106
3:3,5,10,40,52,72,74,81,84,98,102,107
4:44,48,57,66,75,86,91,92,110,112
5:36,42,80,82,90
6:12,14,18,26,31,34,38,43,54,61,71,85,99
7:0,4,9,16,23,41,93,104
8:7,8,21,22,51,68,77,78,108,111
9:17,20,27,56,62,65,70,76,87,95,96,113
10:11,24,50,59,63,69,97
11:28,46,49,53,58,67,73,83,88,114
#Adjacency Probabilities
[1.0, 0.06944444444444445, 0.020202020202020204, 0.009259259259259259, 0.022222222222222223, 0.06666666666666667, 0.008547008547008548, 0.027777777777777776, 0.0, 0.046296296296296294, 0.031746031746031744, 0.022222222222222223]
[0.06944444444444445, 1.0, 0.011363636363636364, 0.0, 0.0625, 0.2, 0.0673076923076923, 0.015625, 0.0125, 0.0, 0.017857142857142856, 0.0125]
[0.020202020202020204, 0.011363636363636364, 0.8, 0.03787878787878788, 0.02727272727272727, 0.03636363636363636, 0.06993006993006994, 0.011363636363636364, 0.045454545454545456, 0.007575757575757576, 0.025974025974025976, 0.03636363636363636]
[0.009259259259259259, 0.0, 0.03787878787878788, 0.7272727272727273, 0.025, 0.05, 0.01282051282051282, 0.041666666666666664, 0.025, 0.0, 0.07142857142857142, 0.058333333333333334]
[0.022222222222222223, 0.0625, 0.02727272727272727, 0.025, 0.6888888888888889, 0.08, 0.007692307692307693, 0.0125, 0.0, 0.06666666666666667, 0.1, 0.11]
[0.06666666666666667, 0.2, 0.03636363636363636, 0.05, 0.08, 0.1, 0.12307692307692308, 0.1, 0.06, 0.016666666666666666, 0.17142857142857143, 0.04]
[0.008547008547008548, 0.0673076923076923, 0.06993006993006994, 0.01282051282051282, 0.007692307692307693, 0.12307692307692308, 0.6410256410256411, 0.009615384615384616, 0.0, 0.02564102564102564, 0.0, 0.007692307692307693]
[0.027777777777777776, 0.015625, 0.011363636363636364, 0.041666666666666664, 0.0125, 0.1, 0.009615384615384616, 1.0, 0.1, 0.03125, 0.03571428571428571, 0.0625]
[0.0, 0.0125, 0.045454545454545456, 0.025, 0.0, 0.06, 0.0, 0.1, 0.8888888888888888, 0.008333333333333333, 0.04285714285714286, 0.06]
[0.046296296296296294, 0.0, 0.007575757575757576, 0.0, 0.06666666666666667, 0.016666666666666666, 0.02564102564102564, 0.03125, 0.008333333333333333, 0.7272727272727273, 0.08333333333333333, 0.016666666666666666]
[0.031746031746031744, 0.017857142857142856, 0.025974025974025976, 0.07142857142857142, 0.1, 0.17142857142857143, 0.0, 0.03571428571428571, 0.04285714285714286, 0.08333333333333333, 0.47619047619047616, 0.12857142857142856]
[0.022222222222222223, 0.0125, 0.03636363636363636, 0.058333333333333334, 0.11, 0.04, 0.007692307692307693, 0.0625, 0.06, 0.016666666666666666, 0.12857142857142856, 0.6666666666666666]
#Edge List
41	67
70	103
17	20
48	86
11	90
98	102
18	19
24	66
54	55
13	32
47	100
5	74
4	104
52	98
20	75
7	68
5	84
12	17
65	96
44	86
14	43
46	53
4	5
62	87
3	40
9	93
54	61
2	47
7	22
16	38
1	89
18	36
42	57
25	103
53	73
54	99
57	112
47	64
3	11
69	83
48	53
21	68
19	44
94	101
1	33
21	46
58	59
0	90
20	21
74	102
6	32
39	82
95	113
2	64
8	51
18	31
6	58
52	112
24	28
19	79
49	83
50	51
33	105
21	77
31	71
35	79
5	10
25	37
72	107
26	34
32	49
29	55
62	95
24	87
63	65
26	85
27	65
42	43
36	37
31	79
20	96
14	26
1	103
39	54
31	85
29	101
7	73
1	25
56	70
14	38
15	39
39	106
13	106
62	70
81	83
45	109
37	80
32	100
29	42
27	70
15	114
28	90
11	50
39	47
58	101
0	9
46	73
71	72
25	89
81	84
46	111
37	89
59	97
29	35
27	95
43	61
6	47
36	43
103	105
31	61
18	34
63	64
103	109
11	104
80	94
46	110
40	81
88	107
66	91
30	109
60	106
48	96
27	62
60	64
72	102
97	98
61	92
77	98
30	35
52	84
50	68
48	92
12	43
0	104
27	96
55	94
88	114
11	28
7	82
59	113
69	90
23	111
64	100
56	65
19	55
24	50
57	75
6	7
19	29
52	53
14	71
12	34
16	104
49	73
65	87
6	85
53	67
1	101
67	73
9	108
10	98
16	81
8	78
44	91
39	100
80	91
72	104
35	92
59	66
7	21
22	23
76	96
33	45
81	107
30	55
51	78
34	42
8	9
31	54
49	84
2	100
8	111
65	66
20	87
12	13
25	53
80	82
0	33
56	62
46	49
10	81
80	93
32	39
17	27
7	40
29	91
38	39
8	22
9	23
24	25
1	105
17	87
39	60
31	99
79	101
14	54
69	95
64	111
84	98
26	61
44	112
48	98
1	37
23	78
47	61
61	62
24	84
16	17
79	94
27	76
75	86
40	52
3	72
36	58
21	111
73	77
33	109
6	106
68	78
69	88
15	60
2	3
46	67
70	76
3	26
21	51
28	50
11	69
82	100
21	22
104	114
80	85
30	50
10	60
38	43
17	65
76	95
0	16
55	79
45	62
75	112
87	96
55	101
10	74
19	36
35	94
22	51
10	84
73	114
45	105
49	110
13	64
87	104
77	108
2	72
50	78
37	45
24	110
40	72
15	100
0	23
100	102
48	49
6	100
10	107
66	92
58	97
89	109
96	113
57	91
64	106
2	15
34	99
0	35
4	41
87	95
93	104
3	52
9	41
23	41
40	41
34	35
14	99
25	105
53	83
4	93
2	14
30	79
13	45
52	74
44	45
46	114
51	101
49	53
78	111
20	70
44	75
0	4
5	97
57	92
8	68
2	6
7	111
81	98
5	11
29	30
20	65
68	111
4	16
49	114
29	82
16	41
6	60
3	74
51	68
15	106
50	90
77	82
74	84
38	54
67	68
56	95
66	76
44	66
7	78
40	98
69	70
63	112
17	96
37	109
84	107
85	99
91	112
11	97
86	97
19	33
63	97
75	107
86	91
15	47
6	55
51	77
18	42
42	63
22	108
44	57
83	110
12	18
67	83
30	101
56	76
43	79
83	84
89	105
3	5
10	72
73	83
73	110
78	108
79	80
13	100
70	95
82	93
45	103
70	113
59	60
29	94
35	55
75	92
6	64
110	114
49	88
65	70
28	78
44	48
53	114
67	88
8	41
92	112
46	83
62	105
80	86
2	13
14	85
61	99
27	63
60	71
34	71
5	52
76	113
72	81
28	69
18	54
1	109
16	67
65	113
41	93
69	91
97	112
18	99
1	57
45	89
34	94
31	32
29	80
74	82
91	93
4	108
51	108
52	102
30	94
91	92
53	110
8	77
22	77
87	113
17	62
41	104
20	62
25	45
67	114
19	35
26	42
0	41
20	36
86	87
81	82
30	44
37	95
102	103
32	47
51	111
77	111
24	69
18	61
38	85
88	89
49	67
31	55
14	15
28	113
5	81
40	107
17	95
22	68
32	106
57	86
8	90
56	57
32	64
27	56
1	45
15	92
4	69
73	88
58	88
53	86
8	21
19	101
9	16
5	90
3	102
86	92
30	82
43	70
35	101
0	1
99	100
37	103
105	109
68	108
25	33
80	110
96	112
26	38
7	8
12	85
6	39
102	107
50	69
25	109
40	51
12	36
54	71
29	79
21	108
55	89
56	96
7	77
46	88
18	71
43	85
26	43
89	99
59	63
4	28
2	60
13	110
59	76
24	90
16	23
73	74
34	54
31	34
75	76
53	88
108	111
77	78
0	93
3	84
2	106
13	60
33	103
48	57
40	102
67	110
37	105
33	89
23	93
15	32
17	58
63	109
46	47
38	71
82	94
28	38
0	65
31	43
48	75
61	71
35	44
18	38
40	74
56	106
19	94
98	107
67	104
83	114
12	14
13	15
83	88
72	74
79	109
23	90
2	74
17	113
62	76
9	64
21	32
80	105
22	47
48	66
33	37
52	72
15	68
20	113
25	106
71	99
1	27
10	11
16	93
9	22
88	110
66	86
56	87
11	24
5	98
66	112
4	9
7	108
92	106
47	60
4	23
3	58
34	61
12	38
36	59
13	39
58	63
3	81
58	114
20	76
26	27
5	107
12	26
9	104
10	102
23	104
48	91
89	103
22	78
66	75
19	30
